16
12 17
49 17
49 21
48 21
48 43
55 43
55 9
85 6
85 73
94 73
94 79
6 79
6 74
15 74
15 17
12 17

4
19 24
22 24
22 29
19 29

4
19 34
22 34
22 39
19 39

4
19 44
22 44
22 49
19 49

4
19 54
22 54
22 59
19 59

4
19 64
22 64
22 69
19 69

4
39 24
43 24
43 66
39 66

4
60 15
63 15
63 19
60 19

4
60 25
63 25
63 29
60 29

4
60 35
63 35
63 39
60 39

4
60 45
63 45
63 49
60 49

4
60 55
63 55
63 59
60 59

4
60 65
63 65
63 69
60 69

4
70 15
73 15
73 19
70 19

4
70 25
73 25
73 29
70 29

4
70 35
73 35
73 39
70 39

4
70 45
73 45
73 49
70 49

4
70 55
73 55
73 59
70 59

4
70 65
73 65
73 69
70 69

4
80 15
83 15
83 19
80 19

4
80 25
83 25
83 29
80 29

4
80 35
83 35
83 39
80 39

4
80 45
83 45
83 49
80 49

4
80 55
83 55
83 59
80 59

4
80 65
83 65
83 69
80 69


