36 412 35 396
35 396 23 352

31 352 46 396
46 396 138 369
138 369 165 370
165 370 173 351

144 382 152 382
152 382 147 391
147 391 144 382

48 410 135 383
135 383 146 394
146 394 146 413

153 413 156 387
156 387 165 381
165 381 206 381
206 381 283 406
283 406 283 411

288 412 292 403
292 403 352 403

352 395 290 395
290 395 290 351

283 351 283 393
283 393 192 370
192 370 190 352

17 336 23 352
18 313 31 352

173 351 173 339
173 339 63 339
63 339 16 305

244 339 190 339
190 339 190 352

25 305 65 332
65 332 57 304

187 307 187 332
187 332 242 332

63 304 72 332
72 332 175 332
175 332 175 307

25 305 25 230
25 230 57 230
57 230 57 304

175 307 175 230
175 230 63 230
63 230 63 305

16 305 17 263
17 263 21 132
21 132 17 133
17 133 25 37
25 37 75 22

75 22 75 29
75 29 75 29	

75 29 37 37
37 37 30 48
30 48 30 168
30 168 79 168
79 168 79 78
79 78 97 78
97 78 97 71
97 71 100 71
100 71 102 25
102 25 270 25
270 25 270 223

25 224 25 174
25 174 89 174
89 174 89 197
89 197 96 200
96 200 96 224
96 224 25 224

104 215 104 224
104 224 258 224
258 224 258 163
258 163 87 163
87 163 87 169

85 156 85 85
85 85 256 85
256 85 256 156
256 156 85 156

104 215 104 198
104 198 92 193
92 193 92 169
92 169 87 169

187 307 187 288
187 288 187 230
187 230 298 230
298 230 305 233
305 233 305 293
305 293 290 293
290 293 285 319
285 319 282 323
282 323 268 332
268 332 242 332

244 339 270 339
270 339 279 338
279 338 283 351

290 354 292 300
292 300 310 300
310 300 310 231
310 231 302 224
302 224 270 224

109 43 109 77
109 77 265 79
265 79 265 28
265 28 128 28
128 28 128 43
128 43 109 43

276 331 287 326
287 326 287 337
287 337 276 331
