I
174 30
267 30
267 386
174 386
173 30

F
304 30
462 30
397 168
455 168
455 236
397 236
397 386
304 386
304 30

Box
0 245
600 245
600 351
0 351
0 245

S
83 261
117 261 
117 268
93 268
93 288
117 301
117 336
83 336
83 329
107 329
107 306
83 294
83 261

U
156 261
165 261
165 329
183 329
183 261
192 261
192 336
156 336
156 261

Outer R
231 261
264 261
264 313
251 306
264 336
255 336
240 303
240 336
231 336
231 261

Inner R
240 268
255 268
255 299
240 291
240 268

V
298 261
308 261
317 311
326 261
336 261
322 336
312 336
298 261

I
369 261
378 261
378 336
369 336
369 261

V
414 261
424 261
433 311
442 261
452 261
438 336
428 336
414 261

E
484 261
518 261
518 268
494 268
494 288
518 302
518 311
494 298
494 329
518 329
518 336
484 336
484 261